start=95.762333
speed=1.210000
