start=7899.493034
speed=1.331000
pause=yes
sid=1
sub-pos=101
sub-ass-override=force
