start=7643.866667
speed=1.331000
pause=yes
fullscreen=yes
sid=1
