start=1.534867
speed=1.210000
fullscreen=yes
sid=1
